169,1
170,1
171,1
172,1